226 INDICES

(1111111111 (11111) 11. 11 (111111) 11111 (111111) 11111
(11111) 11. 11 (11111) 1111 (11111111111 (111111) 11111.
(11111) 11. 111 (11111) 11. 11 111111 (111111) 11. 11 (11111)
(111, 11) 11. 111 (111, 1) 11. 111 11111 (111111) 111111 (111111)
(1111111111 (111, 11) 111 11. 11 (111111) 1111 (11111)
(111, 11) 11. 11 (1111) 11111 11111
(11111) 11. 11 (11111111 (1111)
111. 111 (11111) 11. 111 (11111) Eustrutius
11, 111 (11111) 11, 111 (1111) al 11111111.1111.(ΙΠ1,1)11111
11. 111 (11111) 11. 111 (111, 11)
1111 (111, 11) 1111 (11111) Festus
11. 111 (11111) 1111 (11111) (111111) 11. 11
11. 111 (111, 11) 11, 111 (111, 11)
1111 (1111111 (1111111111 Fulgentius
(1111111111 (11111) 1111 (11111) 11111111111111 (1111) 111111
111 (11111) 31 p. 131 (11111) (1111) 111111
1111 (1111111. 111 (111, 11)
1111, 11 (111, 11) 1111. 11 (11111) Galenus

11(651‚ 1) 11, 11 (111, 1111. 11 11111 1 (1111111111
(111, 11) (11. 11 (1111111. 111
(111, 11) 11. 11 (11111) Ep. 101 Gellius
(11111) (11111 (11111) 11111 lieet. 111111111111
(1111) 1111 (11111) Ep. 1111111
(111, 11) 11. 11 (111, 11) Ep. 111 Guemologium Parisinum
(111, 11) 11. 11 (11111) Ep. 135 (111 11. 111111)11111 ⁴
(111, 1) 11. 11 (111, 11) 11. 11. 11

(805, 9) Ep. 200 (814,20) &3126 Gregorius Nyssenug
ds hom. opii. (1. 6) Ep. 249
Etymologicum Orionis
(23, 3) 11, 111 (11, 11) 11. 111 Harpocration
(1013018033 (1111) Ep. 101. (p.111,13) 61111 (133,13)So.11

Euripides Helladius
Beeeh. (111) 11111 1111111111. 1111111111.11111111.(11111) 11111
1611) Ep.250 Η11111111.(1016)11”ιρ.247 (533)) 10) Ep. 113
Suppl. (331) Ep. 245 (fr. 341) Ep.240 ’
Hephaestion
Eusebius (1.1)111. 11 (11, 1) Ep. 31 (11, 1)
Praep. evang.XHI(p. 614) 111111 Ep. p. 33. (1113 (49, 4) Ep. 33 (43, 6)
(p. 632) 0111255. 256. 257 Aristox. fr. p. 31

Eustathius Hermogenes
111111.Η11.(111,11)(11.11 (11111) Progymn. (3) 111181
(1111 (11111) (1111 (111, 111111
(11111) 11. 11 (111, 11) 11111 Herodianus
(826, 26) 01. 2 (87111) Ep. 11 de diehron. (p. 313L) (11. 123
(11111) (11.1 (1111, 11) 11111 (1111111. 1111111111111 (1111)
(111111) 111111 (1111, 11) (11111 Ep. 115 (11111111 (1111111111

 

