INDICES 223

Aelianus Π Theognosti 222. (2, 22) 22 52

222. 2221521222 (2411222222 (12122222 (2220) 01221 (74.8)
(xv 2) s„ p, 102 22222 (102, 20) 22. 29 (120, 21)

Ep. 112 (102, 31) Ep. 183 porro

Alfflndff (150, 2) 22. 2
Probl· (1v53) 131292 111 Michaelis 1222222 spist. (110,21)
Ammonius So. 21 Herodianus (22224) 51. 123

de diff, verb· (p. 94V) 30· 130 (p. 122) IV Herodianus de verbis in -μι
22525 (p. 119) Ep. 13 (339›²⁰) Ep.190 155021025) Ep.11

22222 (222, 25) Ep. 222
2222212122 v. Anesdots ssskksri 111 (250, 10) 22. 42 (22224) 22. 52
p. 22-116 IV (10,3)Ep.113 (1122) Ep. 101
Cyrilli 222 (91, 31) 22. 45 (222, 22)
Anssdots Bashmsnni 22. 22 (222, 2) 22. 222 (131,21)

(p. 30⁵,30) Gl. 135 Gl. 191 (186, 31) 21212 (181, 21)

Aneodota Bekkeri , θα 124
(22, 22) Ep. 108 (02, 29) 2222 (2222) Apollonius Dyscolus
Ep. 01 (95,21)Ep.119. 2252 (222) ds adv. (p.512) 2222 (2522) 2225
22222 (222) Ep. 120 (22222222 (25222222 (2. 5222222 (p. 592)
(25, 22) Ep. 222 (22, 22) Ep. 291 2222. 254 (p. 001) 22. 22. 25. 225
(22222222 (99,1)Ep.990 (105,19) (p. 022) 22. 22 (2222) 22. 25. 225
Ep. 259 (105, 32) Ep. 10. Ein.1 (p. 025) 2222
(110, 22) Ep. 203 (112‚15)Ep.260 de pron. (p. 250) 5ο. 57 ((2631))
(222, 2222) 122222 (113,11) Ep. 2222 (p. 500) 22. 22 (2222) 2252
51. 138 (111,5)1)15.5 (209, 29) (22522252 (22522252 (2222)
Ep. 191 (229,18) (1193 (230, 29) 22. 22 (p. 900) Ep.5 (2222) 222
22. 22 (2225) 22. 199 (203, 23) (22222222 (p.95a)Ep.111(p.95b)
22222 (22222 21225 (22222) 222. 22 (22522) 2252 (2252)
22. 222 (24222) 2222 (25222) 2222 (22222225 (2222) 22245.
2222 (254, 22) Ep. 22 (222, 2) 2224. 222222 (2222) 2222 (2222)
Ep. 223 (110,6) Ep. 139 (123, 22) 2225 (222422) 2222 (22252)
22. 22 (452, 22) 22. 22. (22. 22 2222. 22 (p. 1062) 22. 22 (p. 1000)
, ,, Ep. 111. So. 88 (p. 1190) So. 60
A¹¹⁰⁰d⁰t²² Bosssonsdu (p. 2222) 22. 22 (p. 1220) 2222. 93
(1125)Ep.201 (p.121bc)so.91.92 (2. 2222) 2222

Aneodota Cramppi (p. 120 2) 5ο. 21 (p. 1270) 52. 61

oxon. 1 (52, 10) 22. 245 (22, 11) (121281) 3⁰·94
22. 52 (2222) 225 (2222 Ep.110 ‘¹⁰ syn). (1³·33⁵’²⁵) ⁸1⁹8
(123, 24) 22. 135 (222, 30) 2222 Arcadius
(222, 22) 22. 42 (222, 22) 222. 12
(211, 23) 22. 42 (222, 25) Ep. 190 {ffffisp'ffi’2fflffi'139 mmm)
(222, 4) 2252 (224, 22) Ep. 242 ’
(245, 22) 2222 (222, 2) Ep. 112 Asistasnetus
(211,22)Gl.120 (211,0)ss.0 (22222) Episs (1 14) Ep. 216
El. 91 (219, 22) 2222 (311, 30)
22. 10 (302, 10) 22. 22 (224, 21) Aristophanes Byzantius
Ep. 130 Misc. Mill. (p. 432) (211222

 

