224 INDICES

Aristoteles (1331) 33. 43 (1313) 3313 (3030)
31111113 (1x 1131113) 33143 141444 (6640 Ep· 64 (6646) 61144
03333131. (134333) 33143 1131331. (6666) Ep· 66 (6661061366 (6660

(111 11103 3) 33333 (ΧΠ 1133314) 161466 (6666161146 (6666) 6344
Ep. 231 3301161313) 11) 31. 31 (6663) 61444 (4660446463 (6661)

11311. (XI 33) Ep. 343 1113333. (1 66· 46· 44 (666 6) Ep· 66 (66610

13333 10) 33143 (11 1334113. 33) 1614464 (6440 6064· 66466 (64636)

Ep. 333. 333 (11114101 3) Ep. 141 Ep· 46 (6466) 61166 (4440 Ep· 64
(3130) 33113 (3131) Ep. 31 (3133)

Athenaeus Ep.31 (31313) 33414331 (3131.

11 (3630) ΕΙ). 148 (44 b) So. 99 3203) Ep.34 (3203) ΕΙ). 50 (3213)
(433) 33. 100 (433) 33143 (31 ab) 33. 33 (3111) Ep. 33. 33 (3310)
33130 (333) 33. 131 (310) 33131 33. 33 (333)) 33. 33 (3131) 33. 33.
(5811) Ep. 153 (533) ΕΙ). 154 (6631) 44. 69 (3233) ΕΙ). 48. 8ο. 64 (3233)
ΕΙ). 155 (641) ΕΙ).157 (651)) ΕΙ).45. 46 ΕΙ). 47. 48 (3231) ΕΙ). 61 (3243)
(681)) ΕΙ). 17 (681) ΕΙ). 158 (703) ΕΙ).64. 8366. 67 (3241) 8350 (3251)
33133 (101133133130131 (1131) 33. 33. 33. 31 (3333) 33. 33. 33
83)). 22 (327 3) ΕΙ). 63 (3276133 67 (32836)

III (763) ΕΙ). 128 (833) Gl. 166 ΕΙ). 51. 58 (3283) ΕΙ). 68 (3233)
(853) ΕΙ). 42. 43 (851) 8337 (863) (31.161 (333 3) ΕΙ). 65

Ep· 114· 5⁰· 4⁴· 1⁰1 (66 e) So· 44 vm (3330) 3331 (3413) 33313
(31100346 (60316311 1916066· 464 (333113313 (3313) 33. 11. 11 (3330)
(640 6356 (646) 61444 (646 Ep· Ep. 253 (3331) Ep. 133

’63663446 (4644) 6614644 (4646) 13333311333133(31313313
60346 (4656606354 (4666041366 (311113313431403133100 (3131)
(466 6) So· 46 (16666) Ep· 31· 66 33114 (3303) 3313 (3333) 33. 34
066οΕ3· 46 (4666) Ε1166 (4666) (3310) 33133 (3330) 33. 43. 43
66146 (4466) 61464. 641466 (4460 (4333) Ep. 30 (4331) 3311 (4130)
3314113313 (1113111133. 11111. 6639

644 (44610 661· 44· 46 (4466) x (41131) 3311 (4340) 33111
Ep· 464 (4460614646 (4446) XI (4113313313 (4133) Ep. 333
Ep· 464 (4131133113 (4311) 333 (4333)
IV (4666) 6366446 (4666 61466 31. 31 (4313) 311 (4333) 33. 33

(4666) 66144 (4663066146 (46660 (3331) 11113 (3141) so. 133 (1341
831). 14 (1601333 96 (1601168336 6,66) 66664, 25

(1750) SOI). 10. 16 (1163.) S0p.2 XIV (md) Ep· 14 (61966) ΕΜ,
(182038661224 (183638683311 105 mgb) Ep· 132 6666666631
66163653. 81) ΕΙ). 109 (1841384) (6446806.) 6645666666 (64666)

· Gl. 173 (64731) 81132 (64811) ΕΙ). 23

{ww Ep'¹⁶⁸ (3430113333 (3433) 333 11 (3333)
(1333111134 (1131) 33. 33 Ep. 18 (333330p3

(330313331313 (33331) 333433 xvfflaffl ² (mh) 30 20
vn (1111) 33114 (33131) So. 33 ¹³· ρ’

(282 3) ΕΙ). 44 (28236) ΕΙ). 58 (282 d) Censorinus

ΕΙ).71 (285311) ΕΙ). 60 (2861)) ΕΙ). 59 de 666 nat, (VH 6, 6) Dp, 243

(1333) 3331 (13330) 33. 34 (3331.

1311) 33. 31 (1313) 33. 33 (3333) (013313633333

Ep. 34. 33. 43 (1331) 3344. 33 133133033013113.1143131014

 

